1:9,5,4,5,5,2,1,1,4,6,1,4,3,8,9,1,1,1,5,3,8,5,4,7,3,8,4,9,5,1
2:1,4,6,2,3,4,9,9,7,6,8,3,6,8,9,3,7,7,8,3,8,7,9,2,3,9,4,5,8,3
3:2,2,2,5,6,3,6,1,5,9,8,8,9,1,1,5,2,4,1,9,5,8,5,6,6,8,4,4,6,2
4:1,9,1,5,9,5,6,2,2,1,8,3,7,8,5,5,9,7,6,5,5,6,4,4,7,6,8,6,1,6
5:5,8,7,5,4,2,2,6,1,1,8,6,5,8,3,6,3,6,7,3,8,7,2,1,4,4,8,5,7,7
6:5,4,7,9,5,7,4,6,5,6,2,3,7,1,2,5,2,9,5,4,9,9,3,5,8,8,7,5,8,7
7:4,3,6,5,6,6,8,3,9,6,1,1,2,8,3,7,4,1,2,9,9,5,8,5,8,9,4,6,2,6
8:7,7,2,1,4,1,9,2,5,3,9,6,9,7,9,6,7,8,8,6,7,8,2,7,8,7,6,2,6,5
9:1,5,9,7,9,6,2,6,1,5,3,3,3,1,8,4,3,8,2,1,8,2,4,9,6,2,7,5,4,4
10:2,7,3,2,7,9,4,9,1,2,3,4,2,6,5,4,4,7,4,5,8,9,9,3,2,6,2,5,8,1
11:7,4,7,6,2,6,9,4,3,7,5,1,8,8,7,4,3,4,4,1,4,6,4,3,3,9,7,4,5,2
12:5,7,8,1,5,5,8,7,3,3,3,1,1,4,1,4,7,6,5,8,9,4,7,8,9,6,8,4,3,5
13:2,9,6,8,1,7,4,4,4,4,7,4,4,1,4,8,2,9,6,6,7,1,1,6,4,9,1,9,9,3
14:9,5,6,8,7,2,4,9,3,8,8,6,5,8,2,3,3,3,8,4,2,5,6,9,9,7,2,1,7,6
15:6,2,7,4,4,4,7,4,2,8,8,9,5,6,9,8,4,4,7,9,9,4,5,3,4,2,9,2,9,3
16:7,7,9,3,7,5,3,8,5,9,6,8,8,9,7,2,6,1,7,6,2,5,9,9,2,2,3,8,1,7
17:3,7,1,3,9,4,7,6,1,5,3,3,6,8,4,9,8,7,7,8,6,4,3,3,5,2,8,5,3,3
18:5,7,4,1,3,7,2,6,1,7,9,4,2,1,2,8,1,7,5,5,9,2,3,5,9,6,6,9,9,6
19:7,1,8,6,3,7,1,3,4,4,9,2,3,8,5,6,2,1,3,6,2,7,3,9,6,4,4,9,2,7
20:1,5,3,2,5,6,3,3,7,5,3,9,8,7,6,6,9,8,4,4,9,4,1,2,8,8,3,6,1,7
21:1,3,5,2,4,9,5,1,4,2,9,5,5,3,7,4,5,9,3,6,2,5,6,7,9,6,2,5,4,1
22:1,6,3,9,6,5,5,5,2,8,8,6,3,1,3,8,4,7,8,3,5,8,5,9,9,1,8,3,8,2
23:4,6,1,3,4,2,2,4,2,5,4,5,4,6,5,1,1,1,5,2,4,9,9,8,9,8,1,3,4,3
24:3,5,8,6,7,5,6,2,6,5,3,4,8,1,6,7,9,6,4,3,7,3,2,2,2,9,6,3,1,5
25:3,1,9,9,5,2,4,3,4,3,3,1,8,8,3,4,2,7,2,2,8,1,8,9,3,8,2,1,1,4
26:5,4,4,6,4,4,7,8,8,4,7,6,5,2,5,9,2,2,9,5,2,6,1,9,5,7,3,1,1,9
27:5,1,3,3,3,9,5,3,5,8,9,2,4,7,6,5,3,7,2,9,1,6,4,6,4,1,9,1,8,8
28:2,9,4,1,5,5,7,6,1,4,9,1,6,2,2,4,9,8,9,5,3,6,8,2,6,8,9,7,8,5
29:7,3,1,4,2,8,9,7,7,6,9,2,7,7,9,6,1,4,6,3,9,1,3,5,3,9,2,6,4,3
30:7,4,1,8,8,3,7,1,4,7,9,1,8,4,4,6,1,7,4,5,2,7,2,5,1,2,8,6,6,9
31:6,9,8,7,1,7,8,6,4,5,8,2,8,3,1,3,3,9,2,1,8,4,7,3,5,5,2,9,1,5
32:5,8,7,5,4,2,2,6,1,1,8,6,5,8,3,6,3,6,7,3,8,7,2,7,4,4,8,5,7,3
33:7,2,1,9,7,4,6,1,8,7,9,3,5,5,2,1,7,2,2,3,1,6,3,6,5,6,9,9,6,7
34:6,6,8,3,6,4,1,7,6,4,7,8,9,5,5,2,8,9,4,8,2,1,8,6,8,4,6,3,9,6
35:2,7,5,8,3,7,4,5,9,4,6,6,9,9,1,7,4,9,8,6,2,4,4,3,8,6,8,3,1,3
36:9,1,6,1,7,6,5,4,8,1,4,5,5,5,9,8,4,6,2,4,3,8,1,6,3,6,8,9,5,8
37:8,7,8,3,2,3,4,9,2,6,5,5,3,8,7,8,2,1,8,6,8,6,9,6,1,5,5,1,6,5
38:2,9,6,3,9,7,2,1,9,6,8,8,6,9,2,8,4,2,1,2,6,1,9,7,8,5,8,2,6,5
39:5,4,7,9,5,7,4,6,5,6,2,3,7,1,2,5,2,9,5,4,9,9,3,5,8,8,7,5,8,7
40:7,6,1,5,8,8,9,8,8,1,2,6,8,7,5,3,8,3,8,5,1,2,2,6,6,5,1,5,1,3
41:4,5,4,3,2,9,3,9,2,5,5,8,5,2,6,7,4,5,5,7,2,5,9,9,2,1,6,5,7,6
42:8,5,6,3,7,1,8,5,8,5,2,5,6,1,9,8,4,8,9,9,2,4,5,2,5,1,4,4,8,8
43:4,9,5,1,7,7,3,4,8,5,4,6,3,3,4,6,1,2,7,6,1,7,3,4,1,4,3,2,2,4
44:7,4,3,6,3,8,1,4,8,2,9,8,3,2,1,7,1,5,8,6,9,9,2,1,1,5,3,7,6,5
45:1,7,5,9,3,6,3,8,4,3,4,1,9,5,5,2,2,8,3,5,6,6,9,4,5,3,5,3,2,8
46:5,1,4,2,8,9,5,6,3,9,3,3,4,9,8,8,2,3,7,5,7,7,1,2,2,7,1,9,1,9
47:9,7,5,1,3,2,6,7,4,6,1,8,6,9,6,3,1,8,3,7,9,4,5,4,4,4,3,1,7,5
48:2,5,8,4,4,2,5,7,7,5,2,8,6,5,7,2,3,4,2,5,4,6,5,4,4,8,7,7,4,5
49:6,2,7,4,4,4,7,4,2,8,8,9,5,6,9,8,4,4,7,9,9,4,5,3,4,2,9,2,9,9
50:5,1,6,2,1,8,5,1,9,1,8,8,8,7,7,6,1,6,7,2,9,9,7,5,8,9,5,7,8,4
51:3,1,5,9,5,7,7,8,6,8,3,8,6,2,6,1,5,1,6,4,5,1,7,4,9,2,5,9,3,4
52:9,4,7,8,4,4,5,2,2,1,8,4,7,7,2,2,1,5,6,5,8,2,2,9,5,3,8,1,9,6
53:5,4,4,6,4,4,7,8,8,4,7,6,5,2,5,9,2,2,9,5,2,6,1,9,5,7,9,1,1,9
54:3,4,1,4,9,7,4,3,9,3,6,9,2,9,5,1,5,3,2,4,9,4,3,1,1,3,3,8,4,7
55:4,6,1,9,9,4,2,2,7,9,1,9,4,6,4,9,5,9,9,2,6,3,5,2,4,8,9,1,1,1
56:6,3,7,5,3,4,4,3,1,5,2,9,7,9,5,1,5,3,5,1,2,3,2,5,4,9,4,7,4,8
57:5,3,8,9,7,8,8,7,1,7,7,5,2,6,9,3,8,5,3,6,5,2,2,9,5,6,7,9,4,8
58:4,3,5,2,6,1,7,1,9,9,4,5,5,5,3,6,5,3,5,5,1,7,4,5,9,3,3,8,1,8
59:6,1,7,3,4,1,9,1,4,6,2,4,8,5,8,8,2,9,9,3,2,6,4,6,8,2,5,9,9,7
60:4,6,1,5,5,7,8,8,5,6,2,3,7,7,2,8,6,5,7,5,6,1,4,2,4,1,5,9,9,4
61:8,2,3,7,1,6,7,1,8,5,6,4,2,2,2,3,2,6,9,9,2,5,5,7,2,5,6,7,3,7
62:3,3,4,9,5,2,5,9,9,4,8,6,4,1,2,2,2,9,8,7,2,3,5,6,1,9,3,2,6,5
63:6,7,2,9,9,1,6,3,9,4,3,1,2,7,7,3,2,8,8,2,7,2,6,8,7,3,6,5,6,3
64:2,5,3,6,6,5,6,2,9,1,4,6,1,5,8,3,2,6,2,2,2,6,4,9,7,7,1,8,9,9
65:5,3,1,5,1,8,7,1,5,3,2,9,6,8,3,4,1,5,9,4,4,1,7,4,7,9,1,3,2,7
66:5,3,8,9,7,8,8,7,4,7,7,5,2,6,9,3,8,5,3,6,5,2,2,9,5,6,7,9,4,1
67:8,1,5,5,8,5,4,6,8,1,1,6,1,7,1,6,7,8,9,2,7,3,6,6,7,2,1,5,6,7
68:9,5,6,1,4,2,4,1,7,5,4,3,6,8,1,8,2,9,7,5,5,8,8,8,4,4,3,3,3,7
69:1,9,2,6,1,6,5,5,5,7,1,9,7,9,2,9,9,8,1,1,6,6,6,8,9,2,1,9,8,5
70:5,5,7,2,5,8,9,3,2,4,3,4,6,4,4,6,1,2,5,1,5,4,6,5,7,6,7,7,7,7
71:7,5,9,2,2,7,8,3,2,7,5,1,3,1,6,1,3,9,5,8,9,5,2,6,9,3,2,9,9,9
72:2,4,6,2,1,9,1,1,4,5,5,5,6,9,5,5,9,9,2,9,3,8,4,6,7,9,1,5,4,4
73:9,3,4,6,2,3,6,7,5,2,7,4,2,8,9,6,8,1,6,1,4,6,9,8,2,8,3,5,6,8
74:9,8,1,2,6,9,2,1,6,3,2,8,8,9,2,4,9,1,4,8,9,2,3,3,9,9,7,5,5,3
75:6,6,6,5,6,3,7,6,7,1,9,5,1,2,4,3,2,6,9,8,9,6,7,9,1,5,6,1,4,8
76:8,1,8,4,2,6,4,3,9,9,7,1,4,7,8,4,9,4,3,9,1,9,8,4,5,5,7,8,4,3
77:3,2,9,4,6,8,8,6,9,9,6,7,5,5,2,1,8,9,8,4,8,3,9,1,2,2,3,4,6,1
78:1,9,5,5,8,1,1,9,3,1,2,9,8,7,2,3,2,7,5,9,5,9,2,5,6,2,4,6,1,4
79:1,8,6,3,5,1,2,7,8,6,8,3,8,6,2,6,4,3,1,6,3,9,3,1,2,9,6,6,7,7
80:1,9,2,1,8,3,1,1,7,1,2,5,5,7,4,7,8,4,9,4,6,8,3,6,8,1,5,2,4,8
81:4,5,1,5,9,3,4,6,3,6,7,3,5,9,1,9,4,8,2,1,9,8,8,6,1,1,8,8,1,9
82:2,2,1,5,5,2,1,6,5,1,2,6,2,4,4,5,4,7,7,2,3,1,5,9,7,2,9,9,6,4
83:4,6,5,1,2,6,5,7,6,5,4,4,6,7,3,8,6,2,9,6,8,7,6,5,5,7,9,6,7,8
84:9,9,8,7,9,2,9,5,1,5,7,7,5,5,2,4,2,8,7,7,9,3,5,8,3,8,9,9,2,5
85:1,6,5,3,4,4,2,4,2,6,8,4,9,6,7,6,6,2,2,3,1,7,4,2,9,9,6,6,1,2
86:8,4,6,6,2,3,1,5,8,9,4,2,2,1,8,9,7,7,6,1,9,6,6,9,2,7,3,1,5,4
87:6,3,9,6,5,6,7,3,8,8,4,8,7,6,1,9,4,3,5,5,9,8,7,5,1,6,9,1,5,4
88:9,1,6,1,7,6,5,4,8,1,4,5,5,5,9,8,4,6,2,4,3,8,1,6,3,6,8,9,5,8
89:9,5,1,7,4,8,4,7,7,6,9,4,6,3,1,9,1,6,6,6,9,3,4,8,7,5,2,4,1,9
90:9,1,4,2,7,2,8,6,5,7,3,9,8,4,7,1,2,6,8,6,4,9,1,1,6,1,2,5,1,7
91:4,5,6,7,4,6,8,2,6,6,3,1,3,2,3,3,8,6,6,6,9,2,6,7,1,3,2,7,1,6
92:6,2,1,5,7,2,7,8,8,8,2,8,1,9,7,8,5,8,7,2,5,1,3,3,8,7,5,2,9,4
93:7,5,7,7,6,2,1,2,4,2,6,7,8,2,4,8,2,4,3,8,2,3,6,3,6,7,2,2,7,8
94:3,1,9,3,9,7,5,6,7,7,6,2,6,2,3,1,1,5,5,7,3,7,7,4,7,9,2,1,8,2
95:5,5,7,2,6,8,9,3,2,4,3,4,6,4,4,6,1,2,5,1,5,4,6,5,7,6,7,7,7,7
96:2,5,6,3,6,1,2,2,6,2,2,9,3,9,6,4,2,1,5,2,3,4,7,9,4,2,1,1,4,1
97:9,1,6,1,7,6,5,4,8,1,4,5,5,5,9,8,4,6,2,4,3,8,1,6,3,6,8,9,5,2
98:2,6,4,9,3,5,6,4,4,1,6,2,8,8,2,6,1,5,8,4,6,5,9,9,8,6,9,7,3,9
99:8,9,4,1,9,9,8,6,6,2,7,3,7,1,8,2,4,7,6,1,4,2,2,2,5,8,1,5,5,3
100:9,2,8,6,5,3,1,7,8,2,6,3,6,3,9,8,1,9,5,1,8,7,5,3,4,4,5,5,4,8
101:5,1,2,2,9,7,8,7,1,9,9,7,5,9,3,4,7,7,6,8,4,1,8,5,1,4,6,8,8,7
102:2,8,3,2,2,5,5,3,6,7,1,4,6,7,3,5,8,9,1,9,5,2,2,1,9,3,2,7,3,4
103:3,6,8,8,5,1,7,8,6,9,4,4,9,4,9,5,8,3,4,8,2,4,8,6,5,8,7,4,7,3
104:9,9,5,2,3,2,1,7,1,5,3,1,6,1,6,7,1,5,6,3,4,6,9,8,3,8,5,8,3,5
105:6,6,9,7,3,8,1,4,9,3,4,8,3,4,4,4,8,2,6,1,6,8,7,2,4,5,6,3,5,5
106:4,6,7,8,4,2,1,4,9,3,9,9,3,8,1,2,2,1,7,1,2,6,4,2,7,6,3,6,5,1
107:9,4,6,5,6,8,7,9,4,3,1,8,1,1,4,3,7,3,9,1,5,1,4,7,1,6,2,6,7,2
108:5,3,6,2,8,5,4,4,9,7,3,2,2,1,8,5,2,5,9,6,6,5,2,5,5,7,8,5,9,2
109:9,6,3,8,6,2,1,2,6,3,2,7,9,6,6,8,8,7,4,3,7,4,6,9,3,7,5,1,9,8
110:2,3,8,8,4,3,4,6,4,4,6,7,2,7,4,7,6,2,6,6,9,2,8,7,8,1,6,2,2,8
111:6,5,7,1,4,5,8,2,6,6,6,7,3,9,1,5,4,9,1,7,1,7,5,4,3,7,4,2,3,9
112:9,5,7,3,3,5,2,4,3,6,5,9,6,6,6,2,4,1,7,2,9,3,2,5,5,4,9,9,4,9
113:5,7,8,2,7,2,6,7,8,9,4,7,5,5,3,8,2,8,5,4,5,3,9,2,2,6,7,7,3,3
114:1,6,6,5,4,5,8,3,4,5,9,4,5,5,7,2,2,4,4,3,8,7,3,1,6,3,7,3,4,3
115:3,4,2,4,5,4,5,5,1,1,8,4,3,2,9,1,1,4,4,7,9,8,6,3,9,8,4,8,3,4
116:9,9,9,1,1,8,8,4,9,5,8,6,4,4,3,2,3,1,4,6,1,9,1,3,7,9,5,2,8,9
117:2,7,9,9,4,6,6,9,1,3,2,7,6,3,4,3,3,6,7,2,1,3,5,1,9,5,2,5,5,4
118:2,5,9,5,2,7,8,5,8,6,6,8,4,4,7,5,2,8,2,3,7,6,5,3,8,2,8,5,1,8
119:2,1,1,6,4,5,6,3,9,2,9,5,2,3,3,8,2,5,8,8,8,1,5,5,6,5,5,9,4,2
120:8,6,3,1,9,6,8,3,4,4,6,6,8,9,8,5,3,1,9,8,2,7,7,5,9,2,6,2,9,8
121:9,6,6,4,3,8,3,5,9,6,3,3,6,4,8,3,9,6,5,4,7,8,8,3,2,6,6,2,6,8
122:9,1,3,3,4,8,5,2,1,6,7,2,3,9,8,3,7,4,1,7,6,6,1,7,7,1,3,9,1,8
123:2,5,7,2,1,2,1,3,1,2,6,4,9,6,4,4,1,3,3,6,2,4,8,7,5,7,4,4,4,4
124:9,5,4,5,5,2,1,1,4,2,1,4,3,8,9,1,1,1,5,3,8,5,4,7,3,8,4,9,5,5
125:5,3,8,9,7,8,8,7,4,7,7,5,2,6,9,3,8,5,3,6,5,2,2,9,5,6,7,9,4,8
126:6,7,6,9,3,3,8,7,4,3,8,6,1,4,9,2,3,3,3,4,6,5,9,4,2,5,5,5,5,8
127:7,9,4,9,2,3,3,8,5,8,9,5,6,5,3,2,3,1,3,9,8,6,3,6,7,4,6,9,2,5
128:9,4,3,8,6,1,3,1,8,6,3,7,4,5,7,2,2,9,8,6,3,6,9,1,9,8,1,5,9,5
129:4,2,9,8,2,4,4,4,4,3,1,1,2,8,9,3,6,2,6,6,3,5,3,5,7,2,6,9,4,8
130:2,8,5,7,2,6,9,3,7,9,8,7,6,2,8,4,6,8,9,2,5,3,9,2,5,5,3,9,7,8
131:9,5,6,1,4,2,4,1,7,5,4,3,6,8,1,8,2,9,7,5,5,8,8,1,4,4,3,3,3,7
132:2,9,2,4,7,4,7,2,3,7,9,6,6,7,2,8,6,2,4,3,6,8,9,1,5,7,5,3,5,2
133:5,4,2,3,3,3,5,9,3,2,2,9,3,7,8,9,6,6,3,4,3,3,3,1,4,2,3,3,6,1
134:8,6,4,2,9,2,1,8,7,2,5,4,4,9,7,8,9,4,4,9,6,2,6,9,7,2,8,3,4,6
135:8,6,8,3,7,5,7,2,2,5,1,5,8,5,9,1,1,9,3,3,4,8,1,7,5,6,1,5,3,5
136:3,8,1,2,6,9,4,4,6,1,8,3,4,4,2,6,6,9,8,6,6,4,3,6,2,6,9,3,9,6
137:3,3,9,5,7,6,4,4,4,2,8,1,8,5,5,5,6,4,3,4,6,2,2,1,3,3,1,3,8,8
138:5,8,7,3,5,4,3,5,5,3,3,5,2,9,2,5,7,2,8,9,5,4,9,4,9,3,9,4,2,5
139:3,7,8,1,2,7,7,1,8,8,9,8,8,4,3,5,5,6,2,6,8,4,7,4,4,9,7,1,5,4
140:5,8,6,6,7,5,9,8,4,1,5,3,9,8,9,4,9,4,8,2,4,1,1,7,8,3,2,9,1,5
141:1,6,3,3,5,8,7,3,5,4,3,2,9,4,7,8,2,5,6,6,7,4,5,5,6,9,4,5,6,1
142:8,4,3,4,6,2,7,2,9,5,1,9,3,5,7,7,5,2,9,9,6,4,1,7,1,8,5,1,6,8
143:2,9,4,1,5,5,7,6,1,4,9,1,6,2,2,4,9,8,9,5,3,6,8,2,6,8,9,7,8,4
144:3,8,9,3,2,3,6,5,6,1,7,5,6,5,2,4,6,4,2,8,5,5,1,2,9,3,2,2,9,8
145:2,2,7,3,6,4,9,3,1,5,2,7,2,9,4,2,7,6,4,8,7,4,4,2,5,1,2,6,3,3
146:2,4,1,6,2,8,2,4,3,2,5,2,9,2,1,7,1,6,9,6,5,5,4,6,3,7,6,6,6,7
147:4,7,4,4,1,6,2,3,2,6,5,8,1,7,8,3,7,9,6,3,4,1,6,9,5,5,3,8,7,3
148:5,8,7,5,4,2,2,6,1,1,8,6,5,8,3,6,3,6,7,3,8,7,2,1,4,4,8,5,7,3
149:9,3,4,6,8,9,3,4,8,9,2,1,6,9,4,8,5,1,1,8,7,4,5,5,8,6,2,8,3,2
150:6,3,8,4,9,9,7,8,5,4,7,4,2,6,1,7,8,1,7,8,1,6,7,4,1,9,1,8,9,7
151:3,8,1,4,7,8,7,5,7,1,1,1,4,5,9,6,4,2,7,6,3,5,7,5,7,3,5,5,5,5
152:5,4,7,9,5,7,4,6,5,6,2,3,7,1,2,5,2,9,5,4,9,9,3,5,8,8,7,5,8,1
153:9,6,4,8,7,7,8,1,4,4,6,6,3,8,3,3,4,8,1,3,8,7,3,9,6,2,5,7,9,5
154:9,1,6,3,6,3,1,8,2,5,7,5,3,1,9,8,4,9,5,6,9,6,4,8,3,7,4,4,7,1
155:7,4,5,3,5,6,6,3,7,5,3,9,4,8,9,5,2,9,1,2,3,3,4,7,3,2,7,5,2,6
156:3,2,2,6,3,1,2,3,9,8,9,3,8,6,9,3,1,9,1,3,7,4,8,4,2,5,2,7,8,7
157:6,6,2,8,2,4,3,4,2,6,2,6,4,5,5,2,2,5,8,1,4,9,1,1,4,1,1,8,2,2
158:1,2,4,5,3,5,3,2,9,2,5,5,8,8,5,4,6,5,1,1,4,5,5,7,2,5,3,2,2,1
159:9,2,3,9,5,1,2,2,8,4,7,4,9,6,3,1,5,2,6,8,8,9,4,9,7,9,6,1,8,3
160:2,3,1,3,7,8,2,6,5,4,4,6,1,5,1,4,8,8,2,9,7,2,9,4,9,9,7,6,8,1
161:1,9,1,3,8,6,9,6,6,9,6,9,9,7,8,1,8,9,9,9,9,5,9,8,2,2,3,9,8,4
162:2,8,3,2,2,5,5,3,6,7,1,4,6,7,3,5,8,9,1,9,5,2,2,1,9,3,2,7,3,9
163:4,8,4,3,1,7,2,6,7,5,8,8,8,7,7,1,4,1,9,4,3,2,6,3,1,5,3,7,6,3
164:5,1,1,1,9,4,9,7,3,8,9,9,3,5,1,3,9,4,6,1,2,3,6,4,1,7,3,3,9,7
165:6,3,5,8,4,7,8,4,1,1,5,9,4,1,5,9,2,2,6,1,9,9,8,8,1,3,4,8,6,8
166:1,6,6,5,4,5,8,3,4,5,9,4,5,5,7,2,2,4,4,3,8,2,3,1,6,3,7,3,4,9
167:5,6,9,1,3,2,3,9,9,2,1,8,1,8,8,9,3,8,2,8,7,7,3,9,9,3,3,3,7,1
168:4,8,1,8,8,1,5,4,8,4,3,2,4,1,8,2,7,2,1,8,8,8,7,3,1,7,5,2,1,5
169:9,6,4,2,9,6,4,7,8,2,9,5,5,2,2,2,9,9,9,6,4,4,7,5,1,8,5,5,5,1
170:7,6,2,6,8,7,5,8,9,6,3,1,1,1,6,3,5,4,5,3,8,2,6,6,6,5,8,7,1,1
171:1,9,7,5,2,7,4,8,6,7,2,8,1,7,5,5,6,2,4,5,9,4,7,9,3,2,5,8,8,7
172:3,5,6,5,5,5,9,3,9,1,9,5,6,5,3,7,7,6,2,8,1,8,2,6,1,5,6,9,6,5
173:3,2,6,3,4,4,7,1,5,1,7,8,7,8,6,1,4,7,2,6,3,9,8,1,7,1,3,9,4,1
174:5,8,2,1,3,4,2,2,3,5,7,3,1,1,2,3,1,4,2,4,9,2,1,1,8,3,9,7,5,5
175:6,4,8,8,1,4,8,7,4,1,8,7,1,6,7,2,8,7,7,1,3,4,8,4,9,5,8,5,6,8
176:9,4,9,5,1,1,5,6,1,1,2,6,3,6,8,5,6,2,7,7,8,6,4,3,8,4,8,6,1,3
177:6,3,9,3,2,4,1,3,6,5,1,6,6,3,2,6,1,4,3,6,6,4,1,4,4,5,4,6,1,2
178:2,9,4,1,5,5,7,6,1,4,9,1,6,2,2,4,9,8,9,5,3,6,8,2,6,8,9,7,8,5
179:5,2,9,8,6,7,9,8,9,8,6,9,5,1,9,2,4,4,3,2,7,6,9,8,1,2,2,4,6,9
180:5,6,8,5,7,8,8,6,9,5,5,7,7,7,9,2,8,5,2,2,2,4,1,6,1,7,2,8,6,2
181:2,4,4,2,4,2,6,1,7,1,4,3,1,2,8,7,4,7,3,6,6,3,3,3,7,2,7,2,7,4
182:1,8,5,9,8,2,4,5,1,3,3,4,4,2,1,1,4,2,4,4,4,9,8,2,7,8,8,6,5,3
183:9,2,6,1,8,1,1,7,9,9,2,5,4,8,6,2,3,2,9,3,2,8,5,2,1,7,4,4,3,9
184:8,6,8,3,2,6,6,1,1,7,3,9,9,2,4,3,4,8,2,8,7,2,7,5,3,5,1,4,4,9
185:5,4,4,2,6,9,6,7,5,4,1,8,9,2,3,4,2,8,7,4,6,6,3,9,5,6,1,1,6,1
186:7,6,8,6,1,1,5,4,3,8,8,8,9,5,3,4,1,9,2,1,8,5,7,1,1,2,7,6,6,3
187:2,8,9,4,4,9,6,5,9,7,6,6,7,1,9,1,9,8,6,6,8,3,4,1,5,9,5,2,8,3
188:2,7,2,9,3,5,9,4,4,1,2,8,1,3,8,6,8,9,2,4,9,1,7,9,8,5,2,5,4,1
189:1,7,7,5,5,5,8,4,1,4,4,5,5,7,2,9,9,3,4,1,4,1,5,5,9,5,5,3,9,8
190:6,3,5,8,4,7,8,4,1,1,5,9,4,1,5,9,2,2,6,1,9,9,8,8,1,3,4,8,6,9
191:4,9,7,7,4,5,6,5,8,2,6,2,3,4,6,7,3,1,6,8,8,7,6,5,9,1,6,5,4,8
192:5,7,8,9,6,1,4,9,6,7,7,7,5,6,2,5,2,1,4,2,6,6,1,5,3,8,1,5,7,9
193:4,9,1,4,4,2,5,9,9,9,3,4,2,6,1,8,1,1,1,8,1,5,7,1,5,3,5,4,9,9
194:2,4,6,3,2,6,7,8,9,8,9,5,1,9,6,2,9,7,4,3,7,2,9,3,6,6,2,8,7,7
195:6,9,5,6,7,2,4,9,3,4,2,3,7,1,8,6,6,2,3,3,1,3,8,1,7,8,2,8,9,2
196:1,5,8,8,8,8,7,1,5,2,4,8,1,4,2,2,3,9,2,3,5,1,1,4,8,5,5,7,2,4
197:7,2,3,4,1,2,3,6,1,7,2,7,4,8,3,6,3,6,4,5,3,1,1,8,5,5,8,3,6,4
198:1,4,5,9,4,5,4,4,9,2,6,9,7,4,9,1,4,7,3,8,2,8,4,4,1,4,9,6,7,8
199:7,9,6,6,6,2,5,9,1,1,9,6,4,2,8,3,6,3,8,8,7,9,3,2,4,8,3,6,6,5
200:3,1,3,3,8,8,6,3,2,9,4,7,4,9,6,4,8,2,3,8,9,4,9,6,2,7,3,4,9,8
201:5,9,9,4,2,2,2,8,7,2,8,1,3,8,6,6,3,9,6,8,7,4,1,3,8,3,8,4,8,6
202:7,7,3,3,2,5,7,2,6,6,3,5,1,2,2,6,5,1,1,4,1,1,2,2,1,7,4,4,2,6
203:9,7,8,5,5,8,7,6,6,3,8,3,9,1,3,8,3,4,3,8,1,9,9,5,1,2,8,7,8,8
204:7,4,5,5,6,1,3,7,7,1,2,7,7,6,7,5,1,7,6,4,3,5,9,8,7,7,3,5,9,9
205:7,2,4,3,5,1,8,4,1,1,3,7,4,3,8,6,3,6,5,6,7,1,7,3,9,8,8,3,6,7
206:8,9,6,4,9,4,3,1,9,4,2,1,2,3,7,1,8,5,8,2,1,7,3,9,6,8,7,5,6,2
207:5,1,7,2,2,9,3,6,9,3,6,2,7,6,8,9,5,7,6,6,9,5,8,3,9,1,1,1,3,7
208:4,6,7,9,3,4,9,4,2,3,1,2,7,3,8,6,3,2,7,6,2,4,9,2,5,4,7,7,9,5
209:8,5,7,1,1,6,6,4,2,2,1,4,2,4,2,4,1,5,3,4,9,4,2,3,5,6,9,4,3,7
210:1,2,4,5,3,5,3,2,9,2,5,5,8,8,5,4,6,5,1,1,4,5,5,7,2,5,3,2,2,3
211:8,9,6,4,9,4,3,1,9,4,2,1,2,6,7,1,8,5,8,2,1,7,3,9,6,8,7,5,6,1
212:7,6,2,6,7,6,8,4,7,2,6,8,5,6,4,3,9,8,6,9,3,8,2,8,8,5,6,7,7,1
213:1,2,8,1,2,3,1,1,9,8,7,1,5,2,4,7,1,5,1,7,9,3,6,7,6,3,1,8,5,5
214:3,5,6,5,5,5,9,3,9,1,9,5,6,5,3,7,7,6,2,8,1,8,2,6,1,5,6,9,6,1
215:2,4,5,9,7,8,9,4,6,5,9,4,9,7,4,6,5,3,9,7,2,1,9,3,5,4,8,1,5,1
216:1,3,9,3,1,9,9,7,5,8,9,8,2,8,8,3,8,3,8,7,1,7,1,8,6,3,4,6,3,7
217:6,6,9,4,2,1,9,8,5,9,2,8,6,9,7,6,8,5,7,5,9,1,4,8,9,7,8,5,9,7
218:5,7,8,9,6,1,4,9,6,7,7,7,5,6,2,5,2,1,4,2,6,6,2,5,3,8,1,5,7,7
219:2,8,7,2,9,5,6,3,9,5,5,3,2,8,2,2,1,6,6,2,3,2,3,4,9,3,1,4,3,7
220:7,6,4,2,6,3,1,9,3,1,9,3,4,7,3,9,1,2,6,9,1,7,8,1,9,5,2,9,1,1
221:4,9,2,1,1,9,7,6,7,7,2,3,2,2,2,5,8,9,7,8,7,2,6,9,2,2,8,7,4,7
222:3,6,9,9,8,8,5,5,9,9,4,3,6,4,6,8,5,6,1,4,9,3,2,6,5,9,2,3,3,5
223:9,3,5,8,9,5,5,5,9,5,4,2,9,8,5,2,4,3,5,1,1,3,9,7,3,8,9,7,6,9
224:5,1,7,2,2,9,3,6,9,3,6,2,7,6,8,9,5,7,6,6,9,5,8,3,2,1,1,1,3,7
225:1,3,9,3,1,9,9,7,5,8,9,8,2,9,8,3,8,3,8,7,1,7,1,8,6,3,4,6,3,7
226:2,4,6,3,2,6,7,8,9,8,9,5,1,9,6,2,9,7,4,3,7,2,9,3,6,6,2,8,7,7
227:3,2,6,5,4,4,7,1,5,1,7,8,7,8,6,1,4,7,2,6,3,9,8,1,7,1,3,9,4,5
228:3,1,3,3,8,8,6,3,2,9,4,7,4,9,6,3,8,2,3,8,9,4,9,6,2,7,3,4,9,8
229:3,6,3,5,4,3,9,2,7,1,3,5,8,6,3,2,6,9,5,3,2,5,6,3,9,4,9,6,8,8
230:7,6,4,2,6,3,1,9,3,1,9,3,4,7,3,9,3,2,6,9,1,7,8,1,9,5,2,9,1,8
231:1,9,9,6,3,4,4,3,3,8,8,4,6,1,3,5,3,4,8,3,4,6,1,5,4,9,5,5,8,4
232:8,3,6,6,1,5,9,2,2,9,8,5,1,2,4,4,3,2,1,3,4,3,6,2,5,8,5,6,5,4
233:5,7,3,3,2,6,5,2,3,3,7,4,4,4,7,8,1,1,5,1,4,1,8,9,6,5,5,8,3,9
234:6,6,9,4,2,1,9,8,5,3,2,8,6,9,7,6,8,5,7,5,9,1,4,8,9,7,8,5,9,8
235:1,3,2,9,7,5,8,7,5,2,4,8,1,3,2,7,5,8,5,6,3,2,1,4,5,4,8,9,7,5
236:5,9,9,4,2,2,2,8,7,2,8,1,3,8,6,6,3,9,6,8,7,4,1,3,8,3,8,4,8,4
237:9,4,8,6,7,3,3,7,5,4,6,8,2,1,5,9,2,4,2,9,4,6,5,2,7,3,5,6,6,4
238:7,8,9,9,7,6,1,2,7,1,8,9,3,4,9,7,6,5,5,9,8,3,3,5,7,6,3,6,1,9
239:6,9,1,4,1,6,8,8,6,1,6,2,1,2,8,7,4,8,6,4,5,3,5,9,5,1,3,1,1,7
240:8,2,7,3,3,1,4,2,5,1,6,1,8,1,3,4,6,9,4,3,7,7,1,4,3,2,4,7,9,5
241:1,8,5,8,8,2,4,5,1,3,3,4,4,2,1,1,4,2,4,4,4,9,8,2,7,8,8,6,5,7
242:3,6,3,5,4,3,9,2,7,1,3,5,8,6,3,2,6,9,5,3,6,5,6,3,9,4,9,6,8,8
243:5,4,3,5,2,8,9,3,3,2,4,3,6,9,8,4,2,2,3,5,5,1,3,9,4,7,4,8,8,9
244:2,1,2,1,8,1,9,8,1,7,7,8,7,6,1,9,1,6,7,9,6,9,3,5,9,2,4,8,6,9
245:8,9,2,4,1,4,9,3,7,8,6,4,2,6,9,9,4,5,1,4,6,5,4,1,7,1,5,7,7,7
246:9,7,8,5,5,8,7,6,6,3,8,3,9,1,3,8,3,4,3,8,1,9,9,5,1,2,8,7,8,8
247:8,5,7,1,1,6,6,4,2,2,1,4,2,4,2,4,1,5,3,4,9,4,6,3,5,6,9,4,3,4
248:7,2,6,3,1,3,7,9,5,2,2,3,1,7,5,5,3,3,3,7,3,3,3,4,7,9,5,3,8,8
249:2,1,2,1,8,1,9,8,1,7,7,8,7,6,1,9,1,6,7,9,6,9,3,5,9,2,4,8,6,9
250:1,6,4,1,6,4,8,3,4,8,8,8,5,4,9,9,1,9,6,2,2,4,5,3,5,2,5,5,9,1
251:1,3,1,2,8,9,9,3,9,9,5,1,7,1,4,9,4,2,7,8,4,2,8,9,7,6,8,2,3,5
252:2,1,2,1,8,1,9,8,1,1,7,8,7,6,1,9,1,6,7,9,6,9,3,5,9,2,4,8,6,9
253:9,9,1,7,6,8,5,9,1,6,1,4,4,5,9,2,6,1,4,1,1,6,2,1,7,4,3,6,5,7
254:2,3,5,2,3,4,2,6,4,9,9,1,3,4,1,1,9,7,2,2,4,7,8,4,4,8,2,4,3,6
255:9,8,7,4,1,1,7,9,6,5,5,9,5,2,6,9,7,9,3,5,3,9,2,1,9,5,7,7,4,5
256:4,1,8,2,9,7,7,3,7,3,4,1,5,6,4,5,9,3,2,7,8,1,5,3,7,8,7,6,8,5
257:2,3,5,2,3,4,2,6,4,9,3,1,3,4,1,1,9,7,2,2,4,7,8,4,4,8,2,4,3,1
258:3,6,1,5,7,6,3,8,5,1,8,3,6,2,3,2,8,9,7,3,4,2,9,1,4,1,6,9,2,3
259:9,3,8,9,3,2,5,7,3,4,9,4,6,9,9,7,3,9,6,8,8,2,5,7,7,5,2,3,2,3
260:7,6,4,1,8,2,4,8,3,4,9,2,7,4,1,3,6,9,5,9,5,1,7,3,9,4,4,8,3,4
261:3,5,6,5,5,5,9,4,9,1,9,5,6,5,3,7,7,6,2,8,1,8,2,6,1,5,6,9,6,1
262:1,8,5,8,8,2,4,5,1,3,3,4,4,2,1,1,4,2,4,4,4,9,8,2,7,8,8,6,5,3
263:2,7,6,4,5,9,8,1,3,8,9,2,3,3,2,7,7,1,6,4,3,5,9,1,4,8,7,5,4,5
264:6,9,5,6,7,2,4,9,3,4,2,3,7,1,8,6,6,2,3,3,1,3,8,1,7,7,2,8,9,2
265:9,6,4,2,9,6,4,7,8,2,9,5,5,2,2,2,9,9,9,6,4,4,7,5,1,8,5,5,5,3
266:9,4,8,6,7,3,3,7,5,4,6,8,2,1,5,9,2,4,2,9,4,6,5,2,7,3,5,6,6,8
267:4,3,8,8,7,3,8,7,7,9,3,4,8,5,1,1,3,2,3,7,9,9,3,5,7,2,3,2,1,7
268:2,7,6,4,5,9,8,1,3,8,9,2,3,3,2,7,7,1,6,4,3,5,9,1,4,8,7,3,4,5
269:8,2,7,3,3,1,4,2,5,1,6,1,8,1,3,4,6,9,4,3,7,7,1,4,9,2,4,7,9,5
270:5,3,3,5,7,6,4,3,3,6,5,9,5,5,1,1,2,3,9,1,1,6,2,7,7,7,1,7,5,1
271:8,6,8,3,2,6,6,1,1,7,3,9,9,2,4,3,4,8,6,8,7,2,7,5,3,5,1,4,4,7
272:1,6,4,1,6,4,8,3,4,8,8,8,5,4,9,9,1,9,6,2,2,4,5,3,5,2,5,5,9,1
273:7,9,5,1,7,8,3,8,2,5,8,7,1,3,9,6,2,5,1,6,9,8,5,8,6,4,3,2,8,6
274:8,3,1,3,8,3,4,4,6,2,2,1,9,1,2,4,2,4,7,6,2,3,7,1,3,2,1,1,3,8
275:7,7,3,3,2,5,7,2,6,6,3,5,1,2,2,6,5,1,1,4,1,1,2,2,1,7,4,4,2,2
276:2,4,6,3,2,6,7,8,9,8,9,5,1,9,6,2,9,7,4,3,7,2,9,3,6,6,2,8,7,5
277:7,1,4,3,7,8,8,7,1,8,5,5,4,3,2,5,5,5,6,8,4,1,3,9,8,8,9,9,6,6
278:1,5,8,8,8,8,7,1,5,2,4,8,1,4,2,2,3,9,2,3,5,1,1,4,8,5,7,7,2,3
279:8,6,8,3,2,6,6,1,1,7,3,9,9,2,4,3,4,8,6,8,7,2,7,5,3,5,1,4,4,9
280:8,3,1,3,8,3,4,4,6,2,2,1,9,1,2,4,2,4,7,6,2,3,7,1,3,2,1,1,3,8
281:7,2,6,3,1,3,7,9,5,2,2,3,1,7,5,5,3,3,3,7,3,3,3,4,8,9,5,3,8,8
282:9,8,7,4,1,1,7,9,6,5,5,9,5,2,6,9,7,3,3,5,3,9,2,1,9,5,7,7,4,1
283:7,2,3,4,1,2,3,6,1,7,2,7,4,8,9,6,3,6,4,5,3,1,1,8,5,5,8,3,6,4
284:4,9,2,1,1,9,7,6,7,7,2,3,2,2,2,5,8,6,7,8,7,2,6,9,2,2,8,7,4,6
285:1,1,8,3,5,8,6,3,3,3,6,1,8,1,4,9,8,9,3,6,1,4,6,5,3,4,6,7,2,2
286:9,6,4,2,4,6,4,7,8,2,9,5,5,2,2,2,9,9,9,6,4,4,7,5,1,8,5,5,5,1
287:5,4,4,2,6,9,6,7,5,4,1,8,9,2,3,4,2,8,7,4,6,6,3,9,5,6,1,1,6,4
288:4,1,3,2,9,7,7,3,7,3,4,1,5,6,4,5,9,3,2,7,8,1,5,3,7,8,7,6,8,4
289:1,9,9,6,3,4,4,3,3,8,8,4,6,1,3,5,3,4,8,3,4,6,1,5,5,9,5,5,8,4
290:9,9,9,2,6,6,1,6,7,5,4,2,8,9,9,9,5,8,3,7,3,4,6,3,4,5,8,3,3,7
291:7,8,9,3,7,1,6,7,5,5,7,8,9,3,4,1,6,6,4,7,6,7,3,9,4,2,4,1,4,7
292:1,5,4,9,5,6,8,3,1,4,8,3,5,5,1,3,9,6,5,4,9,5,9,1,8,6,9,1,4,8
293:6,5,3,7,9,7,1,7,5,6,7,8,4,6,4,4,5,1,9,2,6,2,3,7,1,2,7,2,8,5
294:6,3,9,8,9,3,7,3,7,9,6,7,3,5,4,2,3,9,9,5,6,5,1,3,5,9,4,7,5,3
295:6,9,5,6,7,2,4,9,3,4,2,3,7,1,8,6,6,2,3,3,1,3,8,1,7,7,2,8,9,7
296:9,9,1,7,6,8,5,9,1,6,1,3,4,5,9,2,6,1,4,1,1,6,2,1,7,4,3,6,5,7
297:7,8,5,9,7,6,1,2,7,1,8,9,3,4,9,7,6,5,5,9,8,3,3,5,7,6,3,6,1,9
298:2,4,5,9,7,8,9,4,6,5,9,4,9,7,4,6,5,3,9,7,2,1,9,3,5,4,8,1,5,8
299:9,9,1,7,6,8,5,9,1,6,1,3,4,5,9,2,6,1,4,1,1,6,2,1,7,4,3,6,5,2
300:1,4,5,9,4,5,4,4,9,2,6,9,7,4,9,1,4,7,3,4,2,8,4,4,1,4,9,6,7,2
301:1,4,5,9,4,5,4,4,9,2,6,9,7,4,9,1,4,7,3,8,2,8,4,4,1,4,9,6,7,2
302:4,9,1,4,4,2,5,9,9,2,3,4,2,6,1,8,1,1,1,8,1,5,7,1,5,3,5,4,9,9
303:2,8,7,2,9,5,6,3,9,5,5,3,2,8,2,2,1,6,6,2,3,2,3,4,9,3,1,4,3,7
304:8,3,1,3,8,3,4,4,6,2,2,1,9,1,2,4,2,4,7,6,2,3,7,1,3,2,1,1,3,4
305:6,6,9,4,2,1,9,8,5,3,2,8,6,9,7,6,8,5,7,5,9,1,4,8,9,7,8,5,9,7
306:2,8,9,4,4,9,6,5,9,7,6,6,7,1,9,1,9,8,6,6,8,3,4,1,5,9,5,2,2,3
307:4,1,3,2,9,7,7,3,7,3,4,1,5,6,4,5,9,3,2,7,8,1,5,3,7,8,7,6,8,5
308:9,6,3,6,5,1,7,5,8,3,2,1,8,1,3,5,1,9,9,7,8,6,4,4,4,1,1,7,7,4
309:9,4,8,6,7,3,3,7,5,4,6,3,2,1,5,9,2,4,2,9,4,6,5,2,7,3,5,6,6,4
310:9,6,3,6,5,1,7,5,8,3,2,1,8,1,3,5,1,9,9,7,9,6,4,4,4,1,1,7,7,1
311:8,2,7,3,3,1,4,2,5,1,6,1,8,1,3,4,6,9,4,3,7,7,1,4,3,2,4,7,9,2
312:5,7,3,3,2,6,5,2,3,3,7,4,4,4,7,8,1,1,5,1,4,1,8,9,6,5,5,8,3,8
313:7,4,5,3,5,6,6,3,7,4,3,9,4,8,9,5,2,9,1,2,3,3,4,7,3,2,7,5,2,6
314:7,9,5,1,7,8,3,8,2,5,8,7,1,3,9,1,2,5,1,6,9,8,5,8,6,4,3,2,8,6
315:5,9,3,4,4,6,3,3,6,2,9,4,4,7,9,2,5,5,2,2,7,1,4,9,7,5,3,4,2,4
316:7,6,2,6,7,6,8,4,7,2,6,8,5,6,4,3,9,8,6,9,3,8,2,8,8,6,6,7,7,1
317:3,2,6,3,4,4,7,1,5,1,7,8,7,8,6,1,4,7,2,6,3,9,8,1,7,1,3,9,4,5
318:1,1,8,3,5,8,6,3,3,3,6,1,8,1,4,9,8,9,3,6,1,4,6,5,3,4,4,7,2,4
319:6,5,3,7,9,7,1,7,5,6,7,8,4,6,4,4,5,1,9,2,6,2,3,7,1,2,7,2,8,8
320:7,6,4,1,8,2,4,8,3,4,9,2,7,4,1,3,1,9,5,9,5,1,7,3,9,4,4,8,3,4
321:7,4,5,5,6,1,3,7,7,1,2,7,7,6,7,5,1,7,6,4,3,5,9,8,7,7,3,5,9,5
322:9,3,5,8,9,5,5,5,9,5,4,2,9,8,5,2,4,3,5,1,1,3,9,7,3,8,9,7,6,9
323:7,6,5,1,2,9,3,3,4,2,2,1,7,1,1,8,2,3,4,7,5,2,1,5,6,6,7,8,1,1
324:1,2,8,1,2,8,1,1,9,8,7,1,5,2,4,7,1,5,1,7,9,3,6,7,6,3,1,8,5,5
325:7,6,2,6,7,6,8,4,7,2,6,8,5,6,4,3,9,8,6,9,3,8,2,8,8,5,6,7,7,1
326:8,5,7,1,1,6,6,4,2,2,1,4,2,4,2,4,1,5,3,4,9,4,2,3,5,6,9,4,3,4
327:7,2,4,3,5,1,8,4,1,1,3,7,4,3,8,6,3,6,5,6,4,1,7,3,9,8,8,3,6,1
328:5,2,9,8,6,7,5,8,9,8,6,9,5,1,9,2,4,4,3,2,7,6,9,8,1,2,2,4,6,9
329:4,6,7,4,3,4,9,4,2,3,1,2,7,3,8,6,3,2,7,6,2,4,9,2,5,4,7,7,9,5
330:2,7,6,4,5,9,8,1,3,8,9,2,3,3,2,7,7,1,6,4,3,5,9,1,4,8,7,3,4,7
331:3,6,9,9,8,8,5,5,9,9,4,3,6,4,6,8,5,6,1,4,9,3,2,6,5,9,2,3,3,9
332:8,9,2,4,1,4,9,3,7,8,6,4,2,6,9,9,4,5,1,4,6,5,4,1,7,1,5,7,7,7
333:2,8,7,2,9,5,6,3,9,5,5,3,2,8,2,2,1,6,6,2,3,2,3,4,9,3,1,4,3,1
334:3,1,3,3,8,8,6,3,2,9,4,7,4,9,6,3,8,2,3,8,9,4,9,6,2,7,3,4,9,9
335:7,4,5,3,5,6,6,3,7,4,3,9,4,8,9,5,2,9,1,2,3,3,4,7,3,2,7,5,2,7
336:9,3,8,9,3,2,5,7,3,4,9,4,6,9,9,7,3,9,6,8,8,2,5,9,7,5,2,3,2,3
337:2,3,5,2,3,4,2,6,4,9,3,1,3,4,1,1,9,7,2,2,4,7,8,4,4,8,2,4,3,6
338:4,3,8,8,7,3,8,7,7,9,3,4,8,5,1,1,3,2,3,7,9,9,3,5,7,2,3,2,1,5
339:1,9,9,6,3,4,4,3,3,8,8,4,6,1,3,5,3,4,8,3,4,6,1,5,5,9,5,5,8,3
340:5,9,8,7,8,6,6,7,7,5,4,5,5,4,1,2,7,3,3,1,3,4,4,3,7,8,3,5,2,7
341:5,2,9,8,6,7,5,8,9,8,6,9,5,1,9,2,4,4,3,2,7,6,9,8,1,2,2,4,6,2
342:5,7,8,9,6,1,4,9,6,7,7,7,5,6,2,5,2,1,4,2,6,6,2,5,3,8,1,5,7,9
343:5,4,3,5,2,8,9,3,3,2,4,5,6,9,8,4,2,2,3,5,5,1,3,9,4,7,4,8,8,9
344:7,1,4,3,7,8,8,7,1,8,5,5,4,3,2,5,5,5,6,8,4,1,3,9,8,8,9,9,6,8
345:8,9,2,7,1,4,9,3,7,8,6,4,2,6,9,9,4,5,1,4,6,5,4,1,7,1,5,7,7,7
346:2,7,2,9,3,5,9,4,4,1,2,8,1,3,8,6,8,9,2,4,9,1,7,9,8,5,1,5,4,1
347:7,6,4,1,8,2,4,8,3,4,9,2,7,4,1,3,6,9,5,9,5,1,7,3,9,4,4,8,3,7
348:9,3,5,8,9,5,5,5,9,5,4,2,9,8,5,2,4,3,5,1,1,3,9,7,3,8,9,7,6,3
349:8,3,6,6,1,5,9,2,2,9,8,5,1,2,4,4,3,2,1,3,4,3,6,2,5,1,5,6,5,8
350:1,5,4,9,5,6,8,3,1,4,8,3,5,5,1,3,9,6,5,4,9,5,9,1,8,6,9,1,4,7
351:7,6,4,2,6,3,1,9,3,1,9,3,4,7,3,9,3,2,6,9,1,7,8,1,9,5,2,9,1,1
352:5,9,8,7,8,6,6,7,7,5,4,5,5,6,1,2,7,3,3,1,3,4,4,3,7,8,3,5,2,7
353:4,9,1,4,4,2,5,9,9,9,3,4,2,6,1,8,1,1,1,8,1,5,7,1,5,3,5,4,9,9
354:6,3,9,8,9,3,7,3,7,9,6,7,3,5,4,2,3,9,9,5,6,5,1,3,5,9,4,7,5,3
355:1,7,6,5,9,4,9,4,1,2,5,3,3,3,6,2,4,7,7,1,2,6,7,6,7,3,4,5,5,1
356:3,6,1,5,7,6,3,8,5,1,8,3,6,2,3,2,8,9,7,3,4,2,9,1,4,1,6,9,2,5
357:6,3,9,3,2,4,1,3,6,5,1,6,6,3,2,6,1,9,3,6,6,4,1,4,4,5,4,6,1,5
358:8,4,5,9,5,5,3,8,1,6,7,8,5,2,6,7,4,7,5,9,1,4,9,5,6,6,7,1,5,7
359:7,1,4,3,7,8,8,7,1,8,5,5,4,3,2,5,5,5,6,8,4,1,3,9,8,8,9,9,6,8
360:7,2,4,3,5,1,8,4,1,1,3,7,4,3,8,6,3,6,5,6,7,1,7,3,9,8,8,3,6,1
361:8,2,3,8,3,4,8,7,2,5,1,7,9,8,6,8,9,4,9,4,1,1,2,1,2,6,9,3,3,2
362:8,1,5,1,5,3,3,1,6,9,1,3,3,4,2,5,5,5,4,1,9,6,3,3,3,4,3,1,3,4
363:6,6,5,5,2,4,5,6,9,9,7,1,7,5,8,3,2,7,9,9,6,2,9,5,4,4,9,5,2,8
364:8,9,6,4,9,4,3,1,9,4,2,1,2,3,7,1,8,5,8,2,1,7,3,9,6,8,7,5,6,1
365:9,2,5,8,9,4,8,2,4,2,4,8,9,9,4,8,3,1,7,6,6,6,7,6,5,3,2,4,6,4
366:6,2,8,9,4,9,2,3,8,7,8,1,4,7,1,5,6,9,5,2,2,5,2,1,8,1,8,6,2,3
367:3,6,3,5,4,3,9,2,7,1,3,5,8,6,3,2,6,9,5,3,6,5,6,3,9,4,9,6,8,3
368:1,3,3,4,7,6,2,6,8,9,7,6,3,5,3,8,6,7,4,6,7,6,2,1,2,7,8,4,6,9
369:9,5,4,5,5,2,1,1,4,6,1,4,3,8,9,1,1,1,5,3,8,5,4,7,3,8,4,9,5,5
370:1,8,1,8,8,9,6,1,8,6,7,8,9,7,6,2,8,8,5,7,9,7,3,1,9,4,1,8,3,1
371:6,3,9,3,2,4,1,3,6,5,1,6,6,3,2,6,1,4,3,6,6,4,1,4,4,5,4,6,1,5
372:7,8,3,3,1,3,7,7,8,3,9,2,2,6,2,7,3,9,1,9,2,4,9,2,8,2,8,7,8,8
373:1,6,4,1,6,4,8,3,4,8,8,8,5,4,9,9,1,9,6,2,2,4,5,3,5,2,5,5,9,8
374:7,7,3,3,8,5,7,2,6,6,3,5,1,2,2,6,5,1,1,4,1,1,2,2,1,7,4,4,2,2
375:8,4,4,4,4,8,7,4,5,2,1,1,7,3,8,4,3,5,9,5,9,4,8,2,8,5,1,2,8,6
376:6,5,2,8,3,2,8,2,9,2,3,8,8,7,7,5,3,5,2,1,1,9,9,1,1,9,3,7,2,2
377:1,3,3,4,7,6,2,6,8,9,7,6,3,5,3,8,6,7,4,6,7,6,2,1,2,7,8,4,5,2
378:2,3,2,9,7,5,8,7,5,2,4,8,1,3,2,7,5,8,5,6,3,2,1,4,5,4,8,9,7,5
379:7,6,5,1,2,9,3,3,4,2,2,1,7,1,1,8,2,3,4,7,5,2,1,5,6,6,7,6,1,1
380:1,2,8,1,2,3,1,1,9,8,7,1,5,2,4,7,1,5,1,7,9,3,6,7,6,3,1,8,5,8
381:5,2,9,4,2,2,2,8,7,2,8,1,3,8,6,6,3,9,6,8,7,4,1,3,8,3,8,4,8,4
382:4,7,6,4,4,8,5,7,9,3,5,7,6,3,8,8,5,2,8,5,1,6,4,8,5,6,6,6,5,6
383:1,3,2,9,7,5,8,7,5,2,4,8,1,3,2,7,5,8,5,6,3,2,1,4,5,4,8,9,7,5
384:9,2,8,6,5,3,1,7,8,2,6,3,6,3,9,8,1,9,5,1,8,7,5,3,4,4,5,5,9,8
385:1,5,8,8,8,8,7,1,5,2,4,8,1,4,2,2,3,9,2,3,5,1,1,4,8,5,7,7,2,4
386:6,7,8,1,6,1,7,8,1,5,5,2,5,6,3,4,5,1,7,9,2,6,4,7,9,7,5,8,2,5
387:7,5,4,5,7,2,3,9,6,4,6,4,3,1,1,3,8,4,2,1,6,4,4,5,8,5,8,6,3,8
388:3,8,1,2,6,9,4,4,6,1,8,3,4,4,2,6,6,9,8,6,6,4,3,6,2,6,9,2,9,6
389:5,9,3,4,4,6,3,1,6,2,9,4,4,7,9,2,5,5,2,2,7,1,4,9,7,5,3,4,2,4
390:9,6,7,9,4,2,7,2,3,4,1,5,5,4,1,4,6,1,4,4,2,8,3,4,2,9,3,9,3,8
391:7,9,6,6,6,2,5,9,1,1,9,6,4,2,8,3,6,3,8,8,7,9,3,2,4,8,9,6,6,5
392:2,1,3,4,5,6,9,2,1,7,9,1,4,5,8,4,1,7,6,7,6,5,3,3,7,7,3,7,8,8
393:8,1,8,6,5,3,5,5,8,8,6,5,6,2,5,8,3,1,9,3,7,9,4,7,5,7,2,3,2,2
394:6,2,8,3,7,4,3,5,2,2,1,4,5,5,7,4,7,7,9,1,5,2,1,4,3,8,2,1,9,2
395:4,7,6,4,4,8,5,7,9,3,5,7,1,3,8,8,5,2,8,5,1,6,4,8,5,6,6,6,5,6
396:5,8,4,5,3,4,9,7,2,1,2,5,6,8,9,8,5,1,4,9,6,6,2,8,6,3,5,1,2,5
397:2,8,9,4,4,9,6,5,9,7,6,6,7,1,9,1,9,8,6,6,8,3,4,1,5,9,5,2,8,6
398:2,8,3,2,2,5,5,3,6,7,1,4,6,7,3,5,8,9,1,9,5,2,2,6,9,3,2,7,3,9
399:1,2,4,5,3,5,3,2,9,2,5,5,8,8,9,4,6,5,1,1,4,5,5,7,2,5,3,2,2,1
400:1,8,2,7,3,2,9,7,5,3,8,3,5,3,6,7,1,5,6,7,3,7,9,8,7,9,3,3,3,5
401:6,5,3,7,9,7,1,7,5,6,7,8,4,6,4,4,5,1,9,2,6,2,3,7,1,2,6,2,8,5
402:7,2,3,4,1,2,3,6,1,7,2,7,4,8,9,6,3,6,4,5,3,1,1,8,5,5,8,3,6,2
403:5,9,8,7,8,6,6,7,7,5,4,5,5,4,1,2,7,3,3,1,3,4,4,3,7,8,3,5,2,2
404:5,9,3,4,4,6,3,1,6,2,9,4,4,7,9,2,5,5,2,2,7,1,4,9,7,5,3,4,2,4
405:2,5,9,5,2,7,8,5,8,6,6,8,4,4,7,5,2,8,2,3,7,6,5,3,1,2,8,5,1,8
406:7,8,9,3,7,1,6,7,5,5,7,8,9,3,4,1,6,6,4,7,6,7,3,9,4,2,4,1,4,4
407:7,4,2,3,1,5,8,9,4,2,6,7,8,9,5,8,8,3,2,4,7,1,6,5,8,1,8,4,4,2
408:1,3,9,3,1,9,9,7,5,8,9,8,2,9,8,3,8,3,8,7,1,7,1,8,6,3,4,6,3,1
409:2,7,2,9,3,5,9,4,4,1,2,8,1,3,8,6,8,9,2,4,9,1,7,9,8,5,1,5,4,1
410:5,4,9,7,9,2,3,4,4,3,1,9,8,9,3,6,8,6,1,2,6,5,3,4,3,1,4,5,6,3
411:4,9,2,1,1,9,7,6,7,7,2,3,2,2,2,5,8,9,7,8,7,2,6,9,2,2,8,7,4,6
412:8,2,2,8,5,6,8,5,3,4,3,1,7,4,2,1,9,4,2,9,2,8,7,4,6,6,1,8,1,7
413:5,2,7,5,8,2,6,9,7,8,7,1,6,4,5,6,1,7,5,4,4,4,5,4,1,9,5,1,5,5
414:6,3,5,8,4,7,8,4,1,1,5,9,4,1,5,9,2,2,6,1,9,9,6,8,1,3,4,8,6,8
415:9,6,9,7,1,3,7,6,2,9,6,3,8,9,4,9,6,4,3,3,7,6,5,1,7,2,2,2,6,5
416:2,5,9,5,2,7,8,5,8,6,6,8,4,4,7,5,2,8,2,3,7,6,5,3,8,2,8,5,1,3
417:4,6,7,9,3,4,9,4,2,3,1,2,7,3,8,6,3,2,7,6,2,4,9,2,5,4,7,7,9,8
418:6,9,1,4,1,6,8,8,6,1,6,2,1,2,8,7,4,8,6,4,5,3,5,9,5,1,3,1,1,4
419:8,3,8,7,8,4,5,2,9,6,1,2,6,8,6,4,5,7,2,3,1,6,1,5,6,2,1,9,4,5
420:8,9,8,7,2,9,4,1,6,5,9,1,3,3,1,2,6,4,1,3,1,5,2,5,4,3,1,4,3,8
421:4,7,1,8,2,2,3,4,3,8,1,6,4,7,1,6,9,6,7,4,9,5,9,5,5,2,2,2,5,6
422:6,3,7,8,5,9,9,1,4,8,2,7,6,7,3,6,3,3,6,8,4,4,5,1,1,1,9,8,8,6
423:7,9,6,6,6,2,5,9,1,1,9,6,4,2,8,3,6,3,8,8,7,9,3,2,4,8,3,6,6,4
424:2,3,9,3,3,3,7,6,7,7,3,6,4,9,7,3,6,6,6,8,9,2,7,8,4,3,3,5,1,5
425:5,2,7,5,8,2,6,9,7,8,7,1,6,4,5,6,1,7,5,4,4,4,5,4,1,9,5,1,5,4
426:3,8,1,2,6,9,4,4,6,1,8,3,4,4,2,6,6,9,8,6,6,4,3,6,2,6,9,2,9,7
427:9,3,3,2,4,6,5,8,7,9,7,1,3,6,2,6,8,2,4,6,9,7,6,5,2,4,7,7,6,6
428:5,7,3,3,2,6,5,2,3,3,7,4,2,4,7,8,1,1,5,1,4,1,8,9,6,5,5,8,3,9
429:7,2,6,3,1,3,7,9,5,2,2,3,1,7,5,5,3,3,3,7,3,3,3,4,8,9,5,3,8,4
430:7,4,3,8,5,8,5,3,6,5,1,5,3,2,1,2,4,5,6,3,9,9,4,1,3,1,5,2,3,3
431:1,3,3,4,7,6,2,6,8,9,7,6,3,5,3,8,6,7,4,6,7,6,2,1,2,7,8,4,5,9
432:1,6,9,2,8,7,4,6,4,5,1,9,7,9,2,7,1,3,8,4,5,4,2,5,8,8,1,6,3,7
433:2,4,5,9,7,8,9,4,6,5,9,4,9,7,4,6,5,3,9,7,6,1,9,3,5,4,8,1,5,8
434:4,9,4,1,1,6,1,6,3,8,3,2,7,8,9,8,6,6,1,7,3,4,7,4,9,8,2,4,1,1
435:4,7,6,4,4,8,5,7,9,3,5,7,1,3,8,8,5,2,8,5,1,6,4,8,5,6,6,6,5,1
436:5,4,4,2,3,9,6,7,5,4,1,8,9,2,3,4,2,8,7,4,6,6,3,9,5,6,1,1,6,4
437:3,7,3,2,3,2,1,6,1,8,6,7,6,6,8,7,4,3,7,6,1,6,2,3,7,3,8,2,2,7
438:5,4,3,5,2,8,9,3,3,2,4,3,6,9,8,4,2,2,3,5,5,1,3,9,4,7,4,8,8,2
439:3,2,2,6,3,1,2,3,9,8,9,3,8,6,9,3,1,9,1,3,7,4,8,4,3,5,2,7,8,1
440:9,3,8,9,3,2,5,7,3,4,9,4,6,9,9,7,3,9,6,8,8,2,5,7,7,5,2,3,2,7
441:2,8,8,3,2,3,8,4,2,7,6,8,4,9,6,3,7,8,6,1,7,4,4,7,7,4,2,3,2,3
442:3,2,1,3,1,5,6,6,5,8,9,8,1,9,1,7,1,3,6,3,3,6,1,2,2,4,3,6,6,5
443:8,7,2,7,5,6,5,1,2,5,9,1,6,4,8,1,6,8,9,8,5,4,4,7,5,8,4,9,8,9
444:1,6,9,9,2,5,4,4,1,1,2,4,8,5,2,6,9,3,9,5,6,5,8,8,6,1,6,6,5,3
445:3,6,9,9,8,8,5,5,9,9,4,3,6,4,6,8,5,6,1,4,9,3,2,6,5,9,2,3,3,9
446:4,8,6,8,3,6,9,8,5,1,8,9,7,1,6,6,9,5,3,8,5,7,9,2,3,5,1,2,3,9
447:6,9,1,4,1,6,8,8,6,1,6,2,1,2,8,7,4,8,6,4,5,3,5,9,5,1,3,1,1,4
448:7,8,8,7,7,4,4,5,5,9,6,8,5,1,4,3,9,9,7,4,7,5,7,3,1,5,2,8,9,1
449:9,7,8,5,5,8,7,6,6,3,8,3,9,1,3,8,3,4,3,8,1,9,9,5,1,2,8,7,8,2
450:4,1,5,4,5,3,2,1,5,8,1,4,4,9,2,2,9,9,8,5,8,2,4,6,7,9,7,3,3,8
451:5,4,4,6,4,4,7,8,8,4,7,6,5,2,5,9,2,2,9,5,2,6,1,9,5,7,9,1,1,9
452:1,3,4,2,8,9,9,3,9,9,5,1,7,1,4,9,4,2,7,8,4,2,8,9,7,6,8,2,3,5
453:3,6,1,5,9,6,3,8,5,1,8,3,6,2,3,2,8,9,7,3,4,2,9,1,4,1,6,9,2,5
454:9,5,6,1,4,2,4,1,7,5,4,3,6,8,1,8,2,9,7,5,5,8,8,1,4,4,3,3,3,4
455:9,9,9,2,6,6,1,6,7,5,4,2,8,9,9,9,5,2,3,7,3,4,6,3,4,5,8,3,3,7
456:7,8,9,7,7,1,6,7,5,5,7,8,9,3,4,1,6,6,4,7,6,7,3,9,4,2,4,1,4,7
457:6,2,7,4,4,4,7,4,2,8,8,9,5,6,9,8,4,4,7,9,9,4,5,3,4,2,9,2,9,9
458:1,2,7,9,3,3,7,4,9,9,9,7,6,3,8,7,5,5,3,7,5,1,9,8,1,8,4,5,8,3
459:8,4,1,1,1,5,2,2,4,2,6,8,9,2,5,3,4,8,7,4,7,8,3,4,5,7,6,4,9,9
460:6,1,3,4,6,2,5,3,1,3,2,1,5,2,4,7,6,6,5,3,5,6,3,6,5,4,3,6,9,2
461:7,9,5,1,7,8,3,8,2,5,8,7,1,3,9,1,2,5,1,6,9,8,5,8,6,4,3,2,8,4
462:5,2,7,5,8,2,6,9,7,8,7,1,6,4,5,6,1,7,5,4,4,4,5,4,1,9,5,1,5,4
463:3,6,1,1,3,4,9,6,7,1,3,1,1,3,2,6,7,5,6,3,2,4,5,1,8,7,7,6,1,5
464:7,7,6,4,5,9,3,7,2,2,3,9,6,5,2,4,2,8,8,6,8,7,8,2,9,3,1,5,3,9
465:9,9,9,2,6,6,1,6,7,5,4,2,8,9,9,9,5,8,3,7,3,4,6,3,4,5,8,3,3,5
466:1,3,4,2,8,9,9,3,9,9,5,1,7,1,4,9,4,2,7,8,4,2,8,9,7,6,8,2,3,5
467:4,9,2,7,8,4,1,4,6,6,2,8,5,6,3,8,3,5,1,8,2,3,4,1,7,8,1,8,1,6
468:6,4,6,9,8,6,3,9,1,4,5,9,2,8,1,7,6,6,6,7,4,2,7,5,9,1,4,3,1,5
469:1,5,4,6,5,6,8,3,1,4,8,3,5,5,1,3,9,6,5,4,9,5,9,1,8,6,9,1,4,7
470:5,5,7,2,6,8,9,3,2,4,3,4,6,4,4,6,1,2,5,1,5,4,6,5,7,6,7,7,7,4
471:6,8,9,8,9,3,7,3,7,9,6,7,3,5,4,2,3,9,9,5,6,5,1,3,5,9,4,7,5,3
472:9,2,8,6,5,3,1,7,8,2,6,3,6,3,9,8,1,9,5,1,8,7,5,3,4,4,5,5,4,9
473:2,9,3,8,7,9,2,4,7,8,1,8,4,8,6,9,9,4,9,9,7,9,7,5,6,3,9,5,7,3
474:2,4,7,7,4,5,8,1,2,4,8,2,4,2,2,6,6,8,5,1,9,5,5,2,5,3,1,3,3,7
475:6,1,8,5,3,3,9,1,8,2,8,8,3,7,6,6,4,4,7,9,4,5,4,5,4,2,6,6,7,6
476:9,6,3,6,5,1,7,5,8,3,2,1,8,1,3,5,1,9,9,7,8,6,4,4,4,1,1,7,7,1
477:7,4,5,5,6,1,3,7,7,1,2,7,7,6,7,5,1,7,6,4,3,5,9,8,7,2,3,5,9,9
478:3,3,2,3,9,6,4,2,7,4,1,2,4,8,5,4,8,3,9,9,5,5,6,9,1,5,9,1,6,7
479:9,7,7,1,3,6,7,8,9,6,3,8,7,8,6,9,2,3,6,1,9,7,7,5,6,9,6,2,1,8
480:5,3,3,5,7,6,4,3,3,6,5,9,5,5,1,1,1,3,9,1,1,6,2,7,7,7,1,7,5,1
481:8,4,6,4,1,8,4,7,2,2,2,5,1,5,1,2,8,7,6,3,7,7,5,1,2,6,2,1,8,2
482:1,8,3,1,7,2,6,8,1,1,5,5,4,8,1,6,9,4,8,8,6,8,1,9,1,5,3,6,9,1
483:1,7,3,8,9,2,6,8,1,6,3,1,5,8,6,2,3,5,3,1,7,8,8,1,2,9,9,1,1,1
484:5,1,7,2,2,9,3,6,9,3,6,2,7,6,8,9,5,7,6,6,9,5,8,3,2,1,1,1,3,2
485:8,3,6,6,1,5,9,2,2,9,8,5,1,2,4,4,3,2,1,3,4,3,6,2,5,1,5,6,5,4
486:7,6,5,1,2,9,3,3,4,2,2,1,7,1,1,8,2,3,4,7,5,2,1,5,6,6,7,8,1,2
487:1,7,6,5,9,4,9,4,1,2,5,3,3,3,6,2,4,7,7,3,2,6,7,6,7,3,4,5,5,1
488:1,3,8,8,7,3,8,7,7,9,3,4,8,5,1,1,3,2,3,7,9,9,3,5,7,2,3,2,1,7
489:1,7,6,5,9,4,9,4,1,2,5,3,3,3,6,2,4,7,7,1,2,6,7,6,7,3,4,5,5,2
490:6,1,8,5,3,3,3,1,8,2,8,8,3,7,6,6,4,4,7,9,4,5,4,5,4,2,6,6,7,6
491:3,2,2,6,3,1,2,3,9,8,9,3,8,6,9,3,1,9,1,3,7,4,8,4,3,5,2,7,8,7
492:5,3,3,5,7,6,4,3,3,6,5,9,5,5,1,1,1,3,9,1,1,6,2,7,7,7,1,7,5,6
493:1,6,6,5,4,5,8,3,4,5,9,4,5,5,7,2,2,4,4,3,8,2,3,1,6,3,7,3,4,3
494:9,8,7,4,1,1,7,9,6,5,5,9,5,2,6,9,7,9,3,5,3,9,2,1,9,5,7,7,4,1
495:3,2,5,9,8,6,1,8,9,2,5,3,8,9,1,7,9,7,7,1,2,9,8,2,1,7,1,4,9,4
496:7,8,9,9,7,6,1,2,7,1,8,9,3,4,9,7,6,5,5,9,8,3,3,5,7,6,3,6,1,2
497:6,1,8,5,3,3,9,1,8,2,8,8,3,7,6,6,4,4,7,9,4,5,4,5,4,2,6,6,7,2
498:2,2,8,1,5,8,4,3,7,6,4,8,2,5,8,3,8,8,1,7,3,3,3,7,3,5,6,8,4,2
499:1,1,8,3,5,8,6,3,3,3,6,1,8,1,4,9,8,9,3,6,1,4,6,5,3,4,6,7,2,4
500:2,6,4,6,6,4,8,8,6,9,8,2,7,8,2,7,9,3,1,5,1,6,7,8,5,5,9,7,5,5